anchor_mul = [[0.23019284009933472, 0.23658646643161774], [0.19149231910705566, 0.19143685698509216], [0.20761309564113617, 0.18979156017303467]]
anchors = [[7.247058868408203, 10.725000381469727], [1.6470588445663452, 3.25], [4.941176414489746, 1.625]]