anchor_mul = [[0.33497440814971924, 0.2894629240036011], [0.5097968578338623, 0.41656744480133057], [0.3774974048137665, 0.4998015761375427]]
anchors = [[7.247058868408203, 10.725000381469727], [1.6470588445663452, 3.25], [4.941176414489746, 1.625]]