anchor_mul = [[0.33369001746177673, 0.2886362671852112], [0.508991539478302, 0.41514432430267334], [0.3766272962093353, 0.4983048737049103]]
anchors = [[7.247058868408203, 10.725000381469727], [1.6470588445663452, 3.25], [4.941176414489746, 1.625]]